target_image_url,overall_score,original_description,suggested_description
image_output_zane/01/before_debate/before_debate_0.png,8/10,A painting of a dog and a cat fighting at the boxing ring,"A dynamic boxing ring scene featuring a dog and a cat in action, emphasizing their competitive poses, in the style of {}. Soft gradients and lighter hues, resembling watercolor art with gentle blending and organic shapes."
